3
0;2;4;6;8;10;12;14;16;18;20;22;24;26;28;30;32;34;36;38;40;42;44;46;48;50;52;54;56;58;60;62;64;66;68;70;
100;102;104;106;108;110;112;114;116;118;120;122;124;126;128;130;132;134;136;138;140;142;144;146;148;150;152;154;156;158;160;162;164;166;168;170;172;174;176;178;180;
0;180;;;0.125;Overhang volume could not be generated
0;100;8.281349;9.622749;0.000215;
2;100;8.216811;9.6037;0.000213;
4;100;8.157874;9.580141;0.000211;
6;100;8.104605;9.574067;0.000209;
8;100;8.056939;9.689414;0.000211;
10;100;8.014839;9.636273;0.000208;
12;100;8.038968;9.745653;0.000211;
14;100;8.064877;9.770922;0.000213;
16;100;8.092149;9.768706;0.000213;
18;100;8.120406;9.860309;0.000216;
20;100;8.149309;10.075488;0.000222;
22;100;8.178516;10.100853;0.000223;
24;100;8.207863;10.177466;0.000225;
26;100;8.237091;10.292702;0.000229;
28;100;8.265839;10.343566;0.000231;
30;100;8.293716;10.561933;0.000236;
32;100;8.32042;10.625348;0.000239;
34;100;8.345623;10.741165;0.000242;
36;100;8.368858;10.953044;0.000247;
38;100;8.389736;11.042998;0.00025;
40;100;8.407743;11.182802;0.000254;
42;100;8.42229;11.398647;0.000259;
44;100;8.432758;11.671779;0.000266;
46;100;8.438422;11.893812;0.000271;
48;100;8.438362;12.087657;0.000275;
50;100;8.431545;12.453196;0.000283;
52;100;8.416667;12.573464;0.000285;
54;100;8.392154;13.050392;0.000295;
56;100;8.356108;13.389584;0.000302;
58;100;8.306113;13.817728;0.00031;
60;100;8.239226;14.240591;0.000317;
62;100;8.151805;14.814901;0.000326;
64;100;8.039159;15.300642;0.000332;
66;100;7.89543;15.835551;0.000337;
68;100;7.713118;16.610548;0.000346;
0;102;8.768209;9.89256;0.000234;
2;102;8.694437;9.944529;0.000233;
4;102;8.624455;9.890417;0.00023;
6;102;8.557978;9.84784;0.000227;
8;102;8.494854;9.869493;0.000226;
10;102;8.434864;9.828592;0.000224;
12;102;8.37794;9.891978;0.000224;
14;102;8.36187;9.943095;0.000224;
16;102;8.346691;9.878444;0.000222;
18;102;8.331971;9.976679;0.000224;
20;102;8.317488;10.199252;0.000229;
22;102;8.30308;10.215542;0.000229;
24;102;8.288339;10.224983;0.000229;
26;102;8.272945;10.246342;0.000229;
28;102;8.256543;10.545374;0.000235;
30;102;8.238742;10.627381;0.000236;
32;102;8.219126;10.64969;0.000236;
34;102;8.197205;10.901463;0.000241;
36;102;8.172477;11.040784;0.000243;
38;102;8.144505;11.1509;0.000245;
40;102;8.112612;11.391435;0.000249;
42;102;8.076096;11.5204;0.000251;
44;102;8.0343;11.808624;0.000256;
46;102;7.986236;11.983295;0.000258;
48;102;7.930912;12.250624;0.000262;
50;102;7.867146;12.444524;0.000264;
52;102;7.793559;12.804055;0.000269;
54;102;7.708516;13.102346;0.000272;
56;102;7.609997;13.40227;0.000275;
58;102;7.495742;13.678326;0.000277;
60;102;7.362847;14.166881;0.000281;
62;102;7.207982;14.575887;0.000283;
64;102;7.027095;15.087319;0.000286;
66;102;6.814992;15.642515;0.000288;
68;102;6.565877;16.352425;0.00029;
70;102;6.272376;17.004108;0.000288;
0;104;8.911933;10.150622;0.000244;
2;104;8.825802;10.137226;0.000241;
4;104;8.742517;10.138867;0.000239;
6;104;8.661901;10.086939;0.000236;
8;104;8.583678;10.004787;0.000232;
10;104;8.507593;10.044717;0.000231;
12;104;8.43346;9.992906;0.000227;
14;104;8.361286;9.997914;0.000226;
16;104;8.31718;10.10637;0.000227;
18;104;8.273333;10.063957;0.000225;
20;104;8.229207;10.300606;0.000229;
22;104;8.184513;10.30054;0.000227;
24;104;8.138961;10.442395;0.000229;
26;104;8.092189;10.485295;0.000229;
28;104;8.043781;10.618149;0.00023;
30;104;7.993385;10.716159;0.000231;
32;104;7.940499;10.862395;0.000233;
34;104;7.884759;10.917562;0.000232;
36;104;7.825519;11.086965;0.000234;
38;104;7.762227;11.189017;0.000234;
40;104;7.694239;11.43595;0.000237;
42;104;7.620895;11.633773;0.000239;
44;104;7.541315;11.810519;0.00024;
46;104;7.454722;12.011824;0.000242;
48;104;7.360072;12.133943;0.000241;
50;104;7.256151;12.408319;0.000243;
52;104;7.141641;12.729491;0.000245;
54;104;7.014956;12.960374;0.000245;
56;104;6.874352;13.18586;0.000245;
58;104;6.717787;13.591561;0.000246;
60;104;6.542692;13.958627;0.000246;
62;104;6.34627;14.327618;0.000245;
64;104;6.125088;14.959674;0.000247;
66;104;5.875475;15.352934;0.000243;
68;104;5.59264;15.994405;0.000241;
70;104;5.27141;16.55275;0.000235;
0;106;8.903953;10.335328;0.000248;
2;106;8.804945;10.295894;0.000245;
4;106;8.708352;10.291514;0.000242;
6;106;8.613867;10.264655;0.000239;
8;106;8.521327;10.254431;0.000236;
10;106;8.430395;10.183388;0.000232;
12;106;8.340842;10.217955;0.00023;
14;106;8.252454;10.176496;0.000227;
16;106;8.165404;10.186171;0.000224;
18;106;8.098004;10.331809;0.000226;
20;106;8.030345;10.296257;0.000223;
22;106;7.96174;10.419394;0.000224;
24;106;7.891831;10.494489;0.000223;
26;106;7.820358;10.418112;0.00022;
28;106;7.74686;10.724487;0.000224;
30;106;7.670909;10.779846;0.000223;
32;106;7.592153;10.963366;0.000225;
34;106;7.51001;11.041066;0.000224;
36;106;7.424047;11.180165;0.000224;
38;106;7.333539;11.278494;0.000223;
40;106;7.237956;11.3945;0.000222;
42;106;7.136741;11.672811;0.000225;
44;106;7.029054;11.822329;0.000224;
46;106;6.913736;12.015122;0.000224;
48;106;6.790232;12.213456;0.000224;
50;106;6.657398;12.32845;0.000221;
52;106;6.513946;12.512313;0.00022;
54;106;6.358553;12.935259;0.000222;
56;106;6.189722;13.174727;0.00022;
58;106;6.005603;13.44571;0.000218;
60;106;5.804264;13.889053;0.000217;
62;106;5.58341;14.281516;0.000215;
64;106;5.340585;14.605124;0.00021;
66;106;5.072587;15.135581;0.000207;
68;106;4.776445;15.685347;0.000202;
70;106;4.448519;16.149337;0.000194;
0;108;8.822804;10.453431;0.000249;
2;108;8.710807;10.499027;0.000247;
4;108;8.601131;10.479627;0.000243;
6;108;8.493298;10.39989;0.000238;
8;108;8.387122;10.300299;0.000233;
10;108;8.282299;10.374754;0.000232;
12;108;8.178517;10.339026;0.000228;
14;108;8.075581;10.274307;0.000224;
16;108;7.973359;10.391495;0.000224;
18;108;7.872019;10.374325;0.00022;
20;108;7.784056;10.452457;0.000219;
22;108;7.69534;10.428114;0.000216;
24;108;7.605136;10.483327;0.000215;
26;108;7.513116;10.679761;0.000216;
28;108;7.418867;10.739496;0.000215;
30;108;7.322024;10.793084;0.000213;
32;108;7.222131;10.880348;0.000212;
34;108;7.118799;11.118462;0.000214;
36;108;7.011286;11.229964;0.000212;
38;108;6.899296;11.336804;0.000211;
40;108;6.782177;11.479487;0.00021;
42;108;6.659295;11.645142;0.000209;
44;108;6.529945;11.740517;0.000207;
46;108;6.393419;11.90176;0.000205;
48;108;6.248604;12.148944;0.000205;
50;108;6.095008;12.341679;0.000203;
52;108;5.931311;12.619949;0.000202;
54;108;5.756549;12.789757;0.000199;
56;108;5.569344;13.151434;0.000198;
58;108;5.368334;13.41039;0.000194;
60;108;5.151955;13.641994;0.00019;
62;108;4.918382;14.088894;0.000187;
64;108;4.665768;14.379401;0.000181;
66;108;4.391952;14.872116;0.000176;
68;108;4.094971;15.227801;0.000168;
70;108;3.772442;15.832385;0.000161;
0;110;8.708687;10.71012;0.000252;
2;110;8.583873;10.595133;0.000245;
4;110;8.461167;10.566626;0.000241;
6;110;8.34039;10.582164;0.000238;
8;110;8.221127;10.556789;0.000234;
10;110;8.103045;10.462469;0.000229;
12;110;7.985802;10.421475;0.000225;
14;110;7.869288;10.443778;0.000222;
16;110;7.753304;10.432557;0.000218;
18;110;7.637573;10.459523;0.000216;
20;110;7.522261;10.483717;0.000213;
22;110;7.415749;10.562691;0.000211;
24;110;7.308007;10.556078;0.000208;
26;110;7.198374;10.590439;0.000206;
28;110;7.086479;10.70032;0.000205;
30;110;6.972008;10.88359;0.000205;
32;110;6.854533;10.99081;0.000203;
34;110;6.733569;11.010553;0.0002;
36;110;6.608701;11.239804;0.0002;
38;110;6.479446;11.312204;0.000198;
40;110;6.345317;11.409069;0.000195;
42;110;6.20572;11.509399;0.000193;
44;110;6.059881;11.762113;0.000192;
46;110;5.907419;11.950454;0.00019;
48;110;5.747461;12.10616;0.000188;
50;110;5.57919;12.288636;0.000185;
52;110;5.401893;12.514591;0.000182;
54;110;5.214657;12.57872;0.000177;
56;110;5.016115;12.89934;0.000175;
58;110;4.805621;13.181867;0.000171;
60;110;4.581806;13.539154;0.000167;
62;110;4.343292;13.729757;0.000161;
64;110;4.088892;14.231764;0.000157;
66;110;3.817088;14.594034;0.00015;
68;110;3.526563;15.001628;0.000143;
70;110;3.216165;15.389046;0.000134;
0;112;8.584308;10.862807;0.000252;
2;112;8.446554;10.808642;0.000246;
4;112;8.311087;10.673907;0.000239;
6;112;8.177512;10.69001;0.000236;
8;112;8.045457;10.687215;0.000232;
10;112;7.914584;10.621246;0.000227;
12;112;7.784477;10.622657;0.000223;
14;112;7.655043;10.604072;0.000219;
16;112;7.526048;10.479647;0.000213;
18;112;7.397247;10.477301;0.000209;
20;112;7.268452;10.520031;0.000206;
22;112;7.13971;10.534927;0.000203;
24;112;7.016173;10.588603;0.0002;
26;112;6.89119;10.576893;0.000197;
28;112;6.764134;10.705049;0.000195;
30;112;6.634648;10.903883;0.000195;
32;112;6.502383;10.958283;0.000192;
34;112;6.366949;11.031867;0.000189;
36;112;6.227911;11.104701;0.000187;
38;112;6.084812;11.250273;0.000185;
40;112;5.93727;11.435163;0.000183;
42;112;5.784792;11.591566;0.000181;
44;112;5.626663;11.647475;0.000177;
46;112;5.462559;11.881147;0.000175;
48;112;5.291829;12.063954;0.000172;
50;112;5.113767;12.208715;0.000168;
52;112;4.927357;12.3702;0.000164;
54;112;4.73244;12.644894;0.000161;
56;112;4.527997;12.795111;0.000156;
58;112;4.313186;13.037134;0.000152;
60;112;4.08719;13.419211;0.000148;
62;112;3.8489;13.699596;0.000142;
64;112;3.597722;14.02969;0.000136;
66;112;3.332875;14.371467;0.000129;
68;112;3.053278;14.780816;0.000122;
70;112;2.758871;15.174351;0.000113;
0;114;8.463202;11.027924;0.000252;
2;114;8.312399;10.956149;0.000246;
4;114;8.164072;10.876051;0.00024;
6;114;8.017779;10.786224;0.000233;
8;114;7.873124;10.667089;0.000227;
10;114;7.729718;10.716564;0.000223;
12;114;7.587306;10.726428;0.00022;
14;114;7.445488;10.681567;0.000215;
16;114;7.304094;10.706235;0.000211;
18;114;7.16297;10.597853;0.000205;
20;114;7.021914;10.64849;0.000202;
22;114;6.880679;10.619478;0.000197;
24;114;6.740404;10.629989;0.000193;
26;114;6.600614;10.703272;0.000191;
28;114;6.460409;10.759173;0.000188;
30;114;6.318182;10.778697;0.000184;
32;114;6.173362;10.860007;0.000181;
34;114;6.025916;11.102592;0.00018;
36;114;5.875243;11.218122;0.000178;
38;114;5.721075;11.307015;0.000175;
40;114;5.563098;11.341487;0.00017;
42;114;5.400718;11.56674;0.000169;
44;114;5.23355;11.662272;0.000165;
46;114;5.061011;11.827815;0.000161;
48;114;4.882567;11.994402;0.000158;
50;114;4.697907;12.173262;0.000154;
52;114;4.506506;12.340749;0.00015;
54;114;4.307553;12.525746;0.000146;
56;114;4.100604;12.626783;0.00014;
58;114;3.885124;12.856623;0.000135;
60;114;3.660447;13.219059;0.000131;
62;114;3.426087;13.43087;0.000124;
64;114;3.181511;13.782203;0.000118;
66;114;2.926317;13.983077;0.00011;
68;114;2.660426;14.459143;0.000104;
70;114;2.383949;14.829976;0.000095;
0;116;8.353768;11.183304;0.000252;
2;116;8.189888;11.135034;0.000246;
4;116;8.028539;11.034737;0.000239;
6;116;7.869535;10.939273;0.000232;
8;116;7.712389;10.892458;0.000227;
10;116;7.556741;10.84891;0.000221;
12;116;7.402231;10.799797;0.000216;
14;116;7.248534;10.781984;0.000211;
16;116;7.095381;10.739549;0.000206;
18;116;6.942673;10.694974;0.0002;
20;116;6.790211;10.688135;0.000196;
22;116;6.637731;10.685079;0.000191;
24;116;6.485107;10.647828;0.000186;
26;116;6.332474;10.629042;0.000182;
28;116;6.180408;10.80648;0.00018;
30;116;6.027077;10.904216;0.000177;
32;116;5.871801;10.947707;0.000173;
34;116;5.714294;11.024265;0.00017;
36;116;5.554137;11.163474;0.000167;
38;116;5.391091;11.309051;0.000164;
40;116;5.224755;11.39557;0.000161;
42;116;5.054823;11.461409;0.000156;
44;116;4.880615;11.653859;0.000153;
46;116;4.702195;11.762989;0.000149;
48;116;4.518876;11.876198;0.000145;
50;116;4.33035;12.028492;0.000141;
52;116;4.136269;12.281296;0.000137;
54;116;3.936011;12.378746;0.000131;
56;116;3.72917;12.577735;0.000127;
58;116;3.515509;12.875578;0.000122;
60;116;3.294808;13.092089;0.000116;
62;116;3.066439;13.320118;0.00011;
64;116;2.830545;13.586338;0.000104;
66;116;2.58702;13.760169;0.000096;
68;116;2.336027;14.186782;0.000089;
70;116;2.078122;14.533274;0.000081;
0;118;8.261809;11.267144;0.000251;
2;118;8.084243;11.224192;0.000245;
4;118;7.909832;11.091597;0.000237;
6;118;7.738017;11.120493;0.000232;
8;118;7.568581;11.058612;0.000226;
10;118;7.400835;11.0183;0.00022;
12;118;7.234482;10.970212;0.000214;
14;118;7.069247;10.911134;0.000208;
16;118;6.904895;10.838446;0.000202;
18;118;6.741227;10.811187;0.000197;
20;118;6.578097;10.831556;0.000192;
22;118;6.415358;10.818397;0.000187;
24;118;6.252784;10.831962;0.000183;
26;118;6.090118;10.718623;0.000176;
28;118;5.927416;10.808108;0.000173;
30;118;5.764117;10.900636;0.00017;
32;118;5.599755;10.942123;0.000165;
34;118;5.43372;11.122373;0.000163;
36;118;5.26569;11.146019;0.000158;
38;118;5.095212;11.229631;0.000154;
40;118;4.922318;11.313493;0.00015;
42;118;4.746522;11.525484;0.000148;
44;118;4.567524;11.578709;0.000143;
46;118;4.385065;11.700201;0.000138;
48;118;4.198669;11.812398;0.000134;
50;118;4.008166;12.011383;0.00013;
52;118;3.813242;12.158277;0.000125;
54;118;3.613683;12.358589;0.00012;
56;118;3.408801;12.366642;0.000114;
58;118;3.198838;12.629289;0.000109;
60;118;2.983447;12.950739;0.000104;
62;118;2.762785;13.171073;0.000098;
64;118;2.536807;13.373421;0.000092;
66;118;2.305724;13.609138;0.000085;
68;118;2.069977;13.956554;0.000078;
70;118;1.830329;14.236724;0.00007;
0;120;8.190846;11.513954;0.000254;
2;120;7.999386;11.342565;0.000245;
4;120;7.811585;11.314468;0.000238;
6;120;7.626936;11.227632;0.000231;
8;120;7.444943;11.168972;0.000224;
10;120;7.26515;11.108203;0.000218;
12;120;7.087297;10.997919;0.00021;
14;120;6.911029;11.005734;0.000205;
16;120;6.736004;10.937775;0.000199;
18;120;6.56203;10.954752;0.000194;
20;120;6.388938;10.884261;0.000188;
22;120;6.216561;10.905274;0.000183;
24;120;6.044718;10.898991;0.000178;
26;120;5.873199;10.871909;0.000172;
28;120;5.701752;10.713742;0.000165;
30;120;5.531302;10.905841;0.000163;
32;120;5.357887;10.797013;0.000156;
34;120;5.184335;10.978736;0.000154;
36;120;5.009679;11.106112;0.00015;
38;120;4.833394;11.217253;0.000146;
40;120;4.655204;11.284842;0.000142;
42;120;4.475087;11.415504;0.000138;
44;120;4.292403;11.501818;0.000133;
46;120;4.107274;11.622367;0.000129;
48;120;3.919287;11.717679;0.000124;
50;120;3.728312;11.820823;0.000119;
52;120;3.533828;11.967494;0.000114;
54;120;3.336129;12.160393;0.000109;
56;120;3.134666;12.300133;0.000104;
58;120;2.929608;12.62924;0.0001;
60;120;2.720832;12.706816;0.000093;
62;120;2.508501;12.974705;0.000088;
64;120;2.292935;13.173891;0.000081;
66;120;2.074236;13.452019;0.000075;
68;120;1.852771;13.745415;0.000069;
70;120;1.629011;13.988264;0.000061;
0;122;8.143481;11.643785;0.000256;
2;122;7.93763;11.515981;0.000247;
4;122;7.736105;11.472968;0.000239;
6;122;7.538309;11.391959;0.000232;
8;122;7.343716;11.24274;0.000223;
10;122;7.152204;11.230342;0.000217;
12;122;6.963038;11.115252;0.000209;
14;122;6.776001;11.098932;0.000203;
16;122;6.590681;10.937034;0.000194;
18;122;6.406823;10.970112;0.00019;
20;122;6.224173;11.009504;0.000185;
22;122;6.042698;11.008525;0.000179;
24;122;5.862218;10.972677;0.000174;
26;122;5.682544;10.9612;0.000168;
28;122;5.503228;10.958014;0.000163;
30;122;5.324471;10.958175;0.000157;
32;122;5.147099;10.93669;0.000152;
34;122;4.966001;11.039358;0.000148;
36;122;4.785729;11.039389;0.000143;
38;122;4.604398;11.123848;0.000138;
40;122;4.422067;11.302268;0.000135;
42;122;4.238508;11.377873;0.00013;
44;122;4.053387;11.424031;0.000125;
46;122;3.866638;11.618287;0.000121;
48;122;3.677958;11.549816;0.000115;
50;122;3.487344;11.82042;0.000111;
52;122;3.294635;11.919365;0.000106;
54;122;3.099643;12.038884;0.000101;
56;122;2.902383;12.356246;0.000097;
58;122;2.702921;12.399254;0.00009;
60;122;2.501253;12.581192;0.000085;
62;122;2.297462;12.833466;0.00008;
64;122;2.091607;12.885878;0.000073;
66;122;1.883755;13.330367;0.000068;
68;122;1.674335;13.548023;0.000061;
70;122;1.486022;13.79005;0.000055;
0;124;8.121427;11.854551;0.00026;
2;124;7.900955;11.743339;0.00025;
4;124;7.685384;11.588862;0.00024;
6;124;7.474249;11.487912;0.000232;
8;124;7.267031;11.421084;0.000224;
10;124;7.063382;11.324129;0.000216;
12;124;6.862875;11.24781;0.000208;
14;124;6.665127;11.198822;0.000201;
16;124;6.469724;11.074528;0.000193;
18;124;6.276049;11.150509;0.000189;
20;124;6.084348;11.061166;0.000182;
22;124;5.894229;11.007569;0.000175;
24;124;5.705577;11.026205;0.00017;
26;124;5.518193;10.986999;0.000164;
28;124;5.33193;10.962768;0.000158;
30;124;5.146662;10.977755;0.000152;
32;124;4.961869;10.954097;0.000147;
34;124;4.777949;11.059519;0.000143;
36;124;4.592242;11.055976;0.000137;
38;124;4.406958;11.193517;0.000133;
40;124;4.221054;11.213521;0.000128;
42;124;4.035047;11.379953;0.000124;
44;124;3.848176;11.390523;0.000118;
46;124;3.660428;11.609079;0.000115;
48;124;3.471926;11.713636;0.00011;
50;124;3.282496;11.730606;0.000104;
52;124;3.091957;11.960825;0.0001;
54;124;2.90038;11.898791;0.000093;
56;124;2.707695;12.151301;0.000089;
58;124;2.513839;12.24757;0.000083;
60;124;2.318783;12.449082;0.000078;
62;124;2.12241;12.566126;0.000072;
64;124;1.92488;12.789315;0.000066;
66;124;1.726207;13.153346;0.000061;
68;124;1.526977;13.336894;0.000055;
70;124;1.360904;13.527485;0.00005;
0;126;8.126596;12.081677;0.000265;
2;126;7.890491;11.844792;0.000252;
4;126;7.660353;11.835448;0.000245;
6;126;7.43505;11.653328;0.000234;
8;126;7.214885;11.569847;0.000225;
10;126;6.999063;11.493779;0.000217;
12;126;6.787118;11.345874;0.000208;
14;126;6.578632;11.284627;0.0002;
16;126;6.373137;11.22162;0.000193;
18;126;6.170345;11.167809;0.000186;
20;126;5.969896;11.087926;0.000179;
22;126;5.771486;11.176575;0.000174;
24;126;5.575089;11.068144;0.000166;
26;126;5.380356;11.011959;0.00016;
28;126;5.187311;10.993599;0.000154;
30;126;4.995746;11.0085;0.000148;
32;126;4.805524;11.000064;0.000143;
34;126;4.616372;10.964631;0.000137;
36;126;4.428464;10.987771;0.000131;
38;126;4.239092;11.162844;0.000128;
40;126;4.050446;11.198837;0.000122;
42;126;3.862183;11.224311;0.000117;
44;126;3.674143;11.424721;0.000113;
46;126;3.486242;11.486152;0.000108;
48;126;3.298362;11.437967;0.000102;
50;126;3.110431;11.708458;0.000098;
52;126;2.922434;11.715592;0.000092;
54;126;2.734208;11.875676;0.000088;
56;126;2.545757;11.92339;0.000082;
58;126;2.356706;12.301512;0.000078;
60;126;2.167082;12.367736;0.000072;
62;126;1.976903;12.421498;0.000066;
64;126;1.78631;12.727921;0.000061;
66;126;1.595514;12.892299;0.000055;
68;126;1.404783;13.005693;0.000049;
70;126;1.24821;13.323355;0.000045;
0;128;8.159282;12.296228;0.000271;
2;128;7.907098;12.142024;0.000259;
4;128;7.661594;12.034992;0.000249;
6;128;7.422231;11.908093;0.000238;
8;128;7.188664;11.731754;0.000228;
10;128;6.96031;11.631077;0.000218;
12;128;6.736659;11.494861;0.000209;
14;128;6.517211;11.482448;0.000202;
16;128;6.301853;11.383096;0.000194;
18;128;6.089612;11.291853;0.000186;
20;128;5.88036;11.211718;0.000178;
22;128;5.673842;11.166248;0.000171;
24;128;5.469766;11.224214;0.000166;
26;128;5.268044;11.186697;0.000159;
28;128;5.068594;11.134989;0.000152;
30;128;4.871232;11.047656;0.000145;
32;128;4.675818;11.049259;0.000139;
34;128;4.482169;11.098761;0.000134;
36;128;4.289939;11.133488;0.000129;
38;128;4.100318;11.135297;0.000123;
40;128;3.908095;11.15373;0.000118;
42;128;3.718203;11.233313;0.000113;
44;128;3.529304;11.405666;0.000109;
46;128;3.341376;11.361087;0.000102;
48;128;3.154269;11.430809;0.000097;
50;128;2.967877;11.587682;0.000093;
52;128;2.782095;11.730906;0.000088;
54;128;2.596624;11.695029;0.000082;
56;128;2.411353;12.006788;0.000078;
58;128;2.22625;12.063224;0.000072;
60;128;2.041081;12.237473;0.000067;
62;128;1.856038;12.411129;0.000062;
64;128;1.671197;12.66915;0.000057;
66;128;1.486856;12.663274;0.000051;
68;128;1.30333;12.984806;0.000046;
70;128;1.147392;13.257643;0.000041;
0;130;8.221329;12.533593;0.000278;
2;130;7.952097;12.31779;0.000264;
4;130;7.690502;12.204329;0.000253;
6;130;7.436123;12.018309;0.000241;
8;130;7.188593;11.836714;0.00023;
10;130;6.947102;11.794064;0.000221;
12;130;6.711291;11.673268;0.000211;
14;130;6.480689;11.588431;0.000203;
16;130;6.254783;11.527557;0.000195;
18;130;6.033054;11.430837;0.000186;
20;130;5.815123;11.328974;0.000178;
22;130;5.600573;11.340472;0.000171;
24;130;5.389131;11.197798;0.000163;
26;130;5.180594;11.167211;0.000156;
28;130;4.9749;11.115517;0.000149;
30;130;4.771856;11.119487;0.000143;
32;130;4.571462;11.094573;0.000137;
34;130;4.373254;11.135948;0.000131;
36;130;4.177473;11.180053;0.000126;
38;130;3.983833;11.108212;0.000119;
40;130;3.793344;11.10824;0.000114;
42;130;3.600737;11.277806;0.00011;
44;130;3.411073;11.307804;0.000104;
46;130;3.22305;11.426857;0.000099;
48;130;3.036486;11.466239;0.000094;
50;130;2.851143;11.498435;0.000088;
52;130;2.66677;11.621434;0.000084;
54;130;2.483231;11.729121;0.000079;
56;130;2.300558;11.773162;0.000073;
58;130;2.118393;12.068573;0.000069;
60;130;1.936867;12.019852;0.000063;
62;130;1.755933;12.322162;0.000058;
64;130;1.575849;12.524347;0.000053;
66;130;1.396765;12.594097;0.000047;
68;130;1.219248;12.761086;0.000042;
70;130;1.058865;13.088242;0.000037;
0;132;8.31359;12.661351;0.000284;
2;132;8.0262;12.515614;0.000271;
4;132;7.747582;12.356718;0.000258;
6;132;7.477196;12.170271;0.000245;
8;132;7.214705;12.018773;0.000234;
10;132;6.959519;11.900507;0.000223;
12;132;6.711001;11.831726;0.000214;
14;132;6.468783;11.775368;0.000205;
16;132;6.232123;11.638124;0.000196;
18;132;6.000597;11.536441;0.000187;
20;132;5.773712;11.415433;0.000178;
22;132;5.551036;11.331921;0.00017;
24;132;5.3322;11.331196;0.000163;
26;132;5.116926;11.232346;0.000155;
28;132;4.905015;11.249117;0.000149;
30;132;4.696322;11.193494;0.000142;
32;132;4.490893;11.178175;0.000135;
34;132;4.288592;11.22028;0.00013;
36;132;4.089231;11.125195;0.000123;
38;132;3.892743;11.152384;0.000117;
40;132;3.698905;11.185048;0.000112;
42;132;3.508715;11.17002;0.000106;
44;132;3.316891;11.32539;0.000101;
46;132;3.128369;11.325558;0.000096;
48;132;2.941729;11.43288;0.000091;
50;132;2.756737;11.479793;0.000085;
52;132;2.573219;11.58158;0.00008;
54;132;2.390971;11.791837;0.000076;
56;132;2.210071;11.798711;0.00007;
58;132;2.030124;11.901823;0.000065;
60;132;1.851239;12.051756;0.00006;
62;132;1.673621;12.134047;0.000055;
64;132;1.497263;12.41635;0.00005;
66;132;1.322474;12.463402;0.000044;
68;132;1.149838;12.625406;0.000039;
70;132;0.98007;12.807552;0.000034;
0;134;8.43661;12.976317;0.000295;
2;134;8.130115;12.662979;0.000278;
4;134;7.833355;12.629533;0.000267;
6;134;7.546048;12.398053;0.000252;
8;134;7.267784;12.224839;0.00024;
10;134;6.997908;12.104717;0.000229;
12;134;6.736006;11.982955;0.000218;
14;134;6.481365;11.871218;0.000208;
16;134;6.233537;11.716941;0.000197;
18;134;5.991712;11.694268;0.000189;
20;134;5.755482;11.57003;0.00018;
22;134;5.524356;11.496799;0.000171;
24;134;5.297951;11.448069;0.000164;
26;134;5.075764;11.357334;0.000156;
28;134;4.857633;11.287968;0.000148;
30;134;4.643395;11.270576;0.000141;
32;134;4.433083;11.199541;0.000134;
34;134;4.226517;11.16345;0.000127;
36;134;4.023536;11.239526;0.000122;
38;134;3.824033;11.230708;0.000116;
40;134;3.627839;11.209656;0.00011;
42;134;3.434631;11.219991;0.000104;
44;134;3.244652;11.229837;0.000098;
46;134;3.054556;11.31376;0.000093;
48;134;2.867274;11.321395;0.000088;
50;134;2.682041;11.506983;0.000083;
52;134;2.498719;11.544094;0.000078;
54;134;2.317152;11.633614;0.000073;
56;134;2.137198;11.638764;0.000067;
58;134;1.958778;11.811197;0.000062;
60;134;1.781941;11.984496;0.000058;
62;134;1.606689;12.117886;0.000053;
64;134;1.433266;12.217796;0.000047;
66;134;1.261863;12.412857;0.000042;
68;134;1.09298;12.624098;0.000037;
70;134;0.92747;12.681791;0.000032;
0;136;8.591803;13.282157;0.000308;
2;136;8.265062;13.019129;0.00029;
4;136;7.948953;12.848374;0.000276;
6;136;7.643421;12.598302;0.00026;
8;136;7.348201;12.420822;0.000246;
10;136;7.062674;12.324901;0.000235;
12;136;6.786365;12.187674;0.000223;
14;136;6.51853;12.028962;0.000212;
16;136;6.258551;11.847474;0.0002;
18;136;6.005983;11.743139;0.00019;
20;136;5.75992;11.705856;0.000182;
22;136;5.519913;11.626129;0.000173;
24;136;5.285389;11.503386;0.000164;
26;136;5.056145;11.500595;0.000157;
28;136;4.831742;11.453228;0.000149;
30;136;4.611928;11.331462;0.000141;
32;136;4.396558;11.26551;0.000134;
34;136;4.185527;11.339355;0.000128;
36;136;3.978717;11.304959;0.000121;
38;136;3.775966;11.319064;0.000115;
40;136;3.57697;11.312222;0.000109;
42;136;3.381404;11.311046;0.000103;
44;136;3.188975;11.303913;0.000097;
46;136;2.999827;11.327604;0.000092;
48;136;2.810938;11.251289;0.000085;
50;136;2.624922;11.319937;0.00008;
52;136;2.441183;11.586489;0.000076;
54;136;2.259668;11.658124;0.000071;
56;136;2.080144;11.642185;0.000065;
58;136;1.902544;11.802294;0.000061;
60;136;1.726893;11.797149;0.000055;
62;136;1.553401;11.99131;0.00005;
64;136;1.381986;12.236306;0.000046;
66;136;1.213173;12.249149;0.00004;
68;136;1.047211;12.429906;0.000035;
70;136;0.884957;12.653868;0.00003;
0;138;8.779952;13.541698;0.000321;
2;138;8.431972;13.309494;0.000303;
4;138;8.095322;13.045763;0.000285;
6;138;7.770155;12.828287;0.000269;
8;138;7.456696;12.652226;0.000255;
10;138;7.154233;12.395425;0.000239;
12;138;6.862389;12.370496;0.000229;
14;138;6.580348;12.141908;0.000216;
16;138;6.307457;12.069998;0.000205;
18;138;6.043001;11.952972;0.000195;
20;138;5.786528;11.783992;0.000184;
22;138;5.536895;11.687498;0.000175;
24;138;5.293999;11.6245;0.000166;
26;138;5.057298;11.545023;0.000158;
28;138;4.8263;11.548965;0.00015;
30;138;4.600606;11.474302;0.000142;
32;138;4.379962;11.452692;0.000135;
34;138;4.164256;11.418404;0.000128;
36;138;3.953276;11.355234;0.000121;
38;138;3.746825;11.331787;0.000115;
40;138;3.544563;11.276957;0.000108;
42;138;3.346092;11.287144;0.000102;
44;138;3.151219;11.287276;0.000096;
46;138;2.959604;11.308525;0.00009;
48;138;2.772755;11.327901;0.000085;
50;138;2.583663;11.368274;0.000079;
52;138;2.398986;11.488241;0.000074;
54;138;2.216902;11.532327;0.000069;
56;138;2.037147;11.576675;0.000064;
58;138;1.859805;11.770772;0.000059;
60;138;1.684796;11.770869;0.000054;
62;138;1.512175;11.865225;0.000048;
64;138;1.342213;12.073994;0.000044;
66;138;1.175037;12.203339;0.000039;
68;138;1.011231;12.301848;0.000034;
70;138;0.851493;12.467212;0.000029;
0;140;9.001757;13.858527;0.000337;
2;140;8.631927;13.567013;0.000316;
4;140;8.273557;13.336455;0.000298;
6;140;7.927442;12.970966;0.000277;
8;140;7.594112;12.842835;0.000263;
10;140;7.273339;12.634603;0.000248;
12;140;6.964579;12.543123;0.000236;
14;140;6.667146;12.27573;0.000221;
16;140;6.380201;12.182069;0.00021;
18;140;6.10305;12.102705;0.000199;
20;140;5.834928;11.990882;0.000189;
22;140;5.575208;11.907613;0.000179;
24;140;5.323216;11.75044;0.000169;
26;140;5.078411;11.651178;0.00016;
28;140;4.840291;11.62454;0.000152;
30;140;4.608291;11.58738;0.000144;
32;140;4.382105;11.497959;0.000136;
34;140;4.161413;11.475236;0.000129;
36;140;3.945829;11.447626;0.000122;
38;140;3.735178;11.388474;0.000115;
40;140;3.52912;11.416149;0.000109;
42;140;3.327289;11.397348;0.000102;
44;140;3.12943;11.385292;0.000096;
46;140;2.935238;11.358895;0.00009;
48;140;2.744499;11.278748;0.000084;
50;140;2.557359;11.426839;0.000079;
52;140;2.370771;11.477344;0.000073;
54;140;2.187547;11.503912;0.000068;
56;140;2.007216;11.528655;0.000062;
58;140;1.829319;11.673237;0.000058;
60;140;1.654331;11.72989;0.000052;
62;140;1.482036;11.848345;0.000047;
64;140;1.312671;11.965512;0.000042;
66;140;1.146605;12.062761;0.000037;
68;140;0.98408;12.178051;0.000032;
70;140;0.825985;12.404698;0.000028;
0;142;9.256469;14.244694;0.000356;
2;142;8.86542;13.939531;0.000333;
4;142;8.484754;13.61517;0.000312;
6;142;8.116447;13.369992;0.000293;
8;142;7.761787;13.118431;0.000275;
10;142;7.420898;12.824355;0.000257;
12;142;7.093809;12.683127;0.000243;
14;142;6.779408;12.493421;0.000228;
16;142;6.477125;12.334123;0.000216;
18;142;6.186084;12.18787;0.000203;
20;142;5.905485;12.054963;0.000192;
22;142;5.634553;12.002923;0.000182;
24;142;5.372617;11.876756;0.000172;
26;142;5.118976;11.753224;0.000162;
28;142;4.872965;11.722447;0.000154;
30;142;4.634145;11.641048;0.000146;
32;142;4.401922;11.529896;0.000137;
34;142;4.175748;11.537381;0.00013;
36;142;3.955172;11.498102;0.000123;
38;142;3.73994;11.427462;0.000115;
40;142;3.529528;11.401622;0.000109;
42;142;3.323821;11.377825;0.000102;
44;142;3.122514;11.390724;0.000096;
46;142;2.925276;11.408201;0.00009;
48;142;2.73184;11.390725;0.000084;
50;142;2.541977;11.330709;0.000078;
52;142;2.355858;11.396203;0.000072;
54;142;2.170586;11.537611;0.000068;
56;142;1.988919;11.462664;0.000062;
58;142;1.810113;11.556584;0.000056;
60;142;1.63454;11.649886;0.000051;
62;142;1.461999;11.735981;0.000046;
64;142;1.292688;11.870801;0.000041;
66;142;1.126911;12.035044;0.000037;
68;142;0.965159;12.114012;0.000032;
70;142;0.807947;12.325556;0.000027;
0;144;9.536533;14.774397;0.00038;
2;144;9.132194;14.28395;0.000352;
4;144;8.729887;14.000168;0.00033;
6;144;8.338437;13.652409;0.000307;
8;144;7.960836;13.312435;0.000286;
10;144;7.59835;13.152617;0.00027;
12;144;7.250863;12.86859;0.000252;
14;144;6.918099;12.705204;0.000237;
16;144;6.598849;12.554086;0.000223;
18;144;6.29253;12.388066;0.00021;
20;144;5.998154;12.300525;0.000199;
22;144;5.714913;12.128122;0.000187;
24;144;5.442014;11.958131;0.000176;
26;144;5.178537;11.92426;0.000167;
28;144;4.923954;11.836327;0.000157;
30;144;4.677544;11.781495;0.000149;
32;144;4.43856;11.661399;0.00014;
34;144;4.206408;11.633375;0.000132;
36;144;3.980327;11.602563;0.000125;
38;144;3.759917;11.520316;0.000117;
40;144;3.544944;11.482877;0.00011;
42;144;3.334805;11.434323;0.000103;
44;144;3.129659;11.410776;0.000096;
46;144;2.928804;11.412335;0.00009;
48;144;2.732193;11.401781;0.000084;
50;144;2.539553;11.392182;0.000078;
52;144;2.350594;11.445433;0.000073;
54;144;2.165439;11.376685;0.000066;
56;144;1.98155;11.429731;0.000061;
58;144;1.801405;11.569338;0.000056;
60;144;1.624695;11.577954;0.000051;
62;144;1.451362;11.711414;0.000046;
64;144;1.281518;11.847453;0.000041;
66;144;1.115501;11.879135;0.000036;
68;144;0.953683;12.101826;0.000031;
70;144;0.796784;12.178908;0.000026;
0;146;9.828166;15.216176;0.000403;
2;146;9.426257;14.776461;0.000376;
4;146;9.008298;14.308194;0.000348;
6;146;8.594637;13.96668;0.000324;
8;146;8.193024;13.629858;0.000301;
10;146;7.807002;13.35217;0.000281;
12;146;7.437466;13.09795;0.000263;
14;146;7.08404;12.962421;0.000248;
16;146;6.7463;12.710718;0.000231;
18;146;6.423047;12.556453;0.000218;
20;146;6.113483;12.422703;0.000205;
22;146;5.816521;12.261917;0.000192;
24;146;5.531353;12.156243;0.000181;
26;146;5.257105;12.064374;0.000171;
28;146;4.992932;11.947291;0.000161;
30;146;4.738029;11.897912;0.000152;
32;146;4.49152;11.805714;0.000143;
34;146;4.252646;11.716108;0.000134;
36;146;4.020561;11.655044;0.000126;
38;146;3.794611;11.587934;0.000119;
40;146;3.574388;11.512069;0.000111;
42;146;3.359557;11.519176;0.000104;
44;146;3.149868;11.455294;0.000097;
46;146;2.945083;11.441559;0.000091;
48;146;2.744915;11.419291;0.000085;
50;146;2.548915;11.430741;0.000079;
52;146;2.357116;11.417961;0.000073;
54;146;2.168981;11.395914;0.000067;
56;146;1.985089;11.441746;0.000061;
58;146;1.802635;11.504765;0.000056;
60;146;1.624239;11.526272;0.000051;
62;146;1.449572;11.652962;0.000046;
64;146;1.278655;11.757289;0.000041;
66;146;1.111827;11.854151;0.000036;
68;146;0.949434;11.941463;0.000031;
70;146;0.792087;12.030594;0.000026;
0;148;10.146457;15.799653;0.000432;
2;148;9.730159;15.265919;0.000401;
4;148;9.315417;14.744982;0.000371;
6;148;8.884702;14.349937;0.000344;
8;148;8.459718;14.025527;0.00032;
10;148;8.048662;13.732227;0.000298;
12;148;7.654994;13.434977;0.000277;
14;148;7.279134;13.205128;0.000259;
16;148;6.920558;12.952367;0.000242;
18;148;6.578654;12.753124;0.000226;
20;148;6.252085;12.591085;0.000212;
22;148;5.93992;12.403199;0.000199;
24;148;5.641136;12.308448;0.000187;
26;148;5.354802;12.201953;0.000176;
28;148;5.079869;12.074055;0.000165;
30;148;4.815463;11.974703;0.000156;
32;148;4.56053;11.791169;0.000145;
34;148;4.314114;11.723202;0.000136;
36;148;4.075283;11.646292;0.000128;
38;148;3.843283;11.681286;0.000121;
40;148;3.617402;11.563756;0.000113;
42;148;3.397388;11.544691;0.000106;
44;148;3.182879;11.509645;0.000099;
46;148;2.973587;11.508558;0.000092;
48;148;2.76927;11.431716;0.000085;
50;148;2.569514;11.517542;0.00008;
52;148;2.374266;11.486241;0.000074;
54;148;2.183254;11.484031;0.000068;
56;148;1.99629;11.454442;0.000062;
58;148;1.814635;11.428773;0.000056;
60;148;1.632729;11.532108;0.000051;
62;148;1.456202;11.669709;0.000046;
64;148;1.283716;11.641518;0.00004;
66;148;1.115547;11.760888;0.000035;
68;148;0.952034;11.958314;0.000031;
70;148;0.793799;12.03497;0.000026;
0;150;10.678946;14.862172;0.000428;
2;150;10.057335;15.749729;0.000427;
4;150;9.632464;15.296483;0.000397;
6;150;9.204316;14.835071;0.000368;
8;150;8.761052;14.419804;0.000341;
10;150;8.325042;14.089291;0.000316;
12;150;7.905399;13.663348;0.000291;
14;150;7.504819;13.44655;0.000272;
16;150;7.123406;13.187332;0.000253;
18;150;6.760514;12.994003;0.000237;
20;150;6.415102;12.775882;0.000221;
22;150;6.085924;12.644719;0.000208;
24;150;5.771932;12.488921;0.000194;
26;150;5.472014;12.255802;0.000181;
28;150;5.185071;12.151181;0.00017;
30;150;4.909927;12.055741;0.00016;
32;150;4.645539;11.883094;0.000149;
34;150;4.390636;11.865968;0.000141;
36;150;4.144266;11.838889;0.000132;
38;150;3.905507;11.728328;0.000124;
40;150;3.673537;11.709434;0.000116;
42;150;3.447827;11.606148;0.000108;
44;150;3.228043;11.616002;0.000101;
46;150;3.013842;11.563594;0.000094;
48;150;2.804867;11.505332;0.000087;
50;150;2.601008;11.521129;0.000081;
52;150;2.401941;11.465717;0.000074;
54;150;2.207468;11.522631;0.000069;
56;150;2.017366;11.421751;0.000062;
58;150;1.831567;11.445803;0.000057;
60;150;1.650308;11.498907;0.000051;
62;150;1.470942;11.608739;0.000046;
64;150;1.296414;11.672357;0.000041;
66;150;1.1264;11.75311;0.000036;
68;150;0.961263;11.850063;0.000031;
70;150;0.801556;11.978719;0.000026;
0;152;11.050278;15.555161;0.000464;
2;152;10.63241;15.039889;0.000431;
4;152;9.969229;15.754895;0.000424;
6;152;9.535352;15.308984;0.000394;
8;152;9.092783;14.840576;0.000364;
10;152;8.636947;14.380033;0.000335;
12;152;8.190796;14.055199;0.000311;
14;152;7.763367;13.799883;0.000289;
16;152;7.356609;13.499549;0.000268;
18;152;6.970465;13.222593;0.000249;
20;152;6.603896;13.017316;0.000232;
22;152;6.255705;12.806516;0.000216;
24;152;5.924637;12.639426;0.000202;
26;152;5.609486;12.438244;0.000188;
28;152;5.30895;12.294742;0.000176;
30;152;5.021783;12.225272;0.000166;
32;152;4.746736;12.115258;0.000155;
34;152;4.48232;11.961755;0.000145;
36;152;4.227479;11.898107;0.000136;
38;152;3.981158;11.845392;0.000127;
40;152;3.742411;11.775632;0.000119;
42;152;3.510565;11.696207;0.000111;
44;152;3.285032;11.688754;0.000104;
46;152;3.065518;11.646584;0.000096;
48;152;2.851563;11.557658;0.000089;
50;152;2.643069;11.587068;0.000083;
52;152;2.439714;11.491145;0.000076;
54;152;2.241311;11.431893;0.000069;
56;152;2.047618;11.576004;0.000064;
58;152;1.858556;11.47752;0.000058;
60;152;1.673846;11.476216;0.000052;
62;152;1.494881;11.541779;0.000047;
64;152;1.316539;11.652566;0.000041;
66;152;1.144223;11.709314;0.000036;
68;152;0.976972;11.689211;0.000031;
70;152;0.815319;11.861982;0.000026;
0;154;11.47871;16.443934;0.000509;
2;154;11.006315;15.73583;0.000467;
4;154;10.578975;15.094734;0.000431;
6;154;9.880933;15.833848;0.000422;
8;154;9.437422;15.336368;0.00039;
10;154;8.980705;14.844617;0.00036;
12;154;8.512613;14.397209;0.000331;
14;154;8.057071;14.081147;0.000306;
16;154;7.622554;13.782783;0.000283;
18;154;7.210538;13.505366;0.000263;
20;154;6.820338;13.236655;0.000244;
22;154;6.450717;12.98463;0.000226;
24;154;6.10057;12.867678;0.000212;
26;154;5.768152;12.696407;0.000198;
28;154;5.452342;12.436683;0.000183;
30;154;5.151606;12.433637;0.000173;
32;154;4.864474;12.273964;0.000161;
34;154;4.589424;12.173939;0.000151;
36;154;4.325091;12.074491;0.000141;
38;154;4.070269;11.96841;0.000131;
40;154;3.823972;11.910884;0.000123;
42;154;3.585311;11.800989;0.000114;
44;154;3.353632;11.747213;0.000106;
46;154;3.128283;11.656209;0.000098;
48;154;2.909076;11.623243;0.000091;
50;154;2.695369;11.528883;0.000084;
52;154;2.487335;11.610671;0.000078;
54;154;2.28459;11.606486;0.000072;
56;154;2.086941;11.487698;0.000065;
58;154;1.894091;11.49378;0.000059;
60;154;1.705996;11.561375;0.000053;
62;154;1.527812;11.517944;0.000047;
64;154;1.344478;11.566145;0.000042;
66;154;1.168894;11.645834;0.000037;
68;154;0.999085;11.696839;0.000032;
70;154;0.835025;11.835739;0.000027;
0;156;11.980694;17.304402;0.000559;
2;156;11.436727;16.545145;0.00051;
4;156;10.955038;15.885602;0.000469;
6;156;10.518421;15.262601;0.000433;
8;156;9.793172;15.860248;0.000419;
10;156;9.339847;15.339615;0.000387;
12;156;8.867771;14.869309;0.000356;
14;156;8.387851;14.420336;0.000326;
16;156;7.923873;14.135254;0.000302;
18;156;7.483205;13.826596;0.000279;
20;156;7.06656;13.533791;0.000258;
22;156;6.672996;13.307868;0.00024;
24;156;6.301128;13.064025;0.000222;
26;156;5.949421;12.851549;0.000206;
28;156;5.616326;12.714444;0.000193;
30;156;5.300268;12.575925;0.00018;
32;156;4.999588;12.430457;0.000168;
34;156;4.712449;12.307542;0.000156;
36;156;4.43744;12.162539;0.000146;
38;156;4.173111;12.126974;0.000137;
40;156;3.918337;11.978342;0.000127;
42;156;3.672108;11.831555;0.000117;
44;156;3.433578;11.825615;0.00011;
46;156;3.202031;11.792342;0.000102;
48;156;2.97693;11.680716;0.000094;
50;156;2.757805;11.68804;0.000087;
52;156;2.544657;11.661126;0.00008;
54;156;2.337121;11.652213;0.000073;
56;156;2.135011;11.548308;0.000067;
58;156;1.938044;11.506813;0.00006;
60;156;1.746147;11.545765;0.000054;
62;156;1.559201;11.540054;0.000049;
64;156;1.377254;11.596536;0.000043;
66;156;1.201528;11.468002;0.000037;
68;156;1.027553;11.608525;0.000032;
70;156;0.860668;11.753066;0.000027;
0;158;12.580746;18.497427;0.000628;
2;158;11.941627;17.523195;0.000565;
4;158;11.388314;16.739165;0.000514;
6;158;10.897469;16.087328;0.000473;
8;158;10.450769;15.458771;0.000436;
10;158;9.705646;15.86353;0.000415;
12;158;9.241999;15.353127;0.000383;
14;158;8.753925;14.861992;0.000351;
16;158;8.262844;14.455227;0.000322;
18;158;7.791304;14.11427;0.000297;
20;158;7.345275;13.837489;0.000274;
22;158;6.924738;13.564847;0.000253;
24;158;6.528488;13.322531;0.000235;
26;158;6.154863;13.044154;0.000217;
28;158;5.802378;12.871477;0.000201;
30;158;5.468927;12.722008;0.000188;
32;158;5.152869;12.593518;0.000175;
34;158;4.852186;12.392857;0.000162;
36;158;4.56514;12.269899;0.000151;
38;158;4.290103;12.230816;0.000142;
40;158;4.025824;12.047679;0.000131;
42;158;3.771134;11.977105;0.000122;
44;158;3.524978;11.841265;0.000113;
46;158;3.286565;11.867275;0.000105;
48;158;3.055171;11.810229;0.000097;
50;158;2.830241;11.710749;0.000089;
52;158;2.611542;11.755657;0.000083;
54;158;2.398769;11.672871;0.000076;
56;158;2.191797;11.649444;0.000069;
58;158;1.990311;11.592223;0.000062;
60;158;1.794161;11.60986;0.000056;
62;158;1.603305;11.628176;0.00005;
64;158;1.417664;11.608312;0.000044;
66;158;1.237313;11.574995;0.000039;
68;158;1.062987;11.571888;0.000033;
70;158;0.892258;11.69646;0.000028;
0;160;13.31143;19.957597;0.000717;
2;160;12.544924;18.699225;0.000633;
4;160;11.896507;17.710369;0.000568;
6;160;11.333839;16.907159;0.000517;
8;160;10.833277;16.128158;0.000471;
10;160;10.37664;15.507358;0.000434;
12;160;9.618059;15.889774;0.000412;
14;160;9.141933;15.400207;0.00038;
16;160;8.638846;14.904769;0.000347;
18;160;8.137576;14.438208;0.000317;
20;160;7.659477;14.189409;0.000293;
22;160;7.2088;13.824413;0.000269;
24;160;6.78504;13.619218;0.000249;
26;160;6.386793;13.337088;0.00023;
28;160;6.012018;13.123713;0.000213;
30;160;5.659153;12.886965;0.000197;
32;160;5.325561;12.785376;0.000184;
34;160;5.009619;12.634563;0.000171;
36;160;4.708978;12.495307;0.000159;
38;160;4.421894;12.357203;0.000147;
40;160;4.146889;12.200989;0.000136;
42;160;3.882704;12.087298;0.000127;
44;160;3.628066;12.080055;0.000118;
46;160;3.382018;11.933196;0.000109;
48;160;3.143801;11.907408;0.000101;
50;160;2.912544;11.813122;0.000093;
52;160;2.687865;11.794682;0.000086;
54;160;2.46951;11.707244;0.000078;
56;160;2.257247;11.699434;0.000071;
58;160;2.050816;11.663152;0.000065;
60;160;1.850074;11.651379;0.000058;
62;160;1.654885;11.697482;0.000052;
64;160;1.465142;11.663694;0.000046;
66;160;1.280956;11.667551;0.00004;
68;160;1.102423;11.650007;0.000035;
70;160;0.930447;11.624386;0.000029;
0;162;14.220267;21.78246;0.000836;
2;162;13.279396;20.198733;0.000724;
4;162;12.503272;18.944109;0.000639;
6;162;11.845111;17.895932;0.000572;
8;162;11.273055;16.993566;0.000517;
10;162;10.762837;16.320112;0.000474;
12;162;10.295645;15.712158;0.000436;
14;162;9.529742;15.906249;0.000409;
16;162;9.040772;15.394446;0.000375;
18;162;8.522486;14.921887;0.000343;
20;162;8.012279;14.496533;0.000313;
22;162;7.528419;14.202783;0.000288;
24;162;7.073791;13.851247;0.000264;
26;162;6.647602;13.630497;0.000244;
28;162;6.247802;13.356393;0.000225;
30;162;5.872437;13.02712;0.000206;
32;162;5.519325;12.984922;0.000193;
34;162;5.185941;12.794176;0.000179;
36;162;4.869964;12.603666;0.000166;
38;162;4.569357;12.447714;0.000153;
40;162;4.282287;12.307887;0.000142;
42;162;4.007352;12.193278;0.000132;
44;162;3.743259;12.13842;0.000123;
46;162;3.488705;12.058695;0.000113;
48;162;3.242797;11.989318;0.000105;
50;162;3.00463;11.921663;0.000097;
52;162;2.773641;11.901767;0.000089;
54;162;2.549288;11.85762;0.000082;
56;162;2.33136;11.77264;0.000074;
58;162;2.119563;11.727346;0.000067;
60;162;1.91377;11.688229;0.00006;
62;162;1.713844;11.685668;0.000054;
64;162;1.519701;11.714377;0.000048;
66;162;1.331296;11.64883;0.000042;
68;162;1.148785;11.689215;0.000036;
70;162;0.972381;11.664691;0.000031;
0;164;15.378429;23.99863;0.000996;
2;164;14.192683;22.026401;0.000843;
4;164;13.241552;20.396849;0.000729;
6;164;12.455498;19.004909;0.000639;
8;164;11.787794;17.997611;0.000572;
10;164;11.205954;17.159792;0.000519;
12;164;10.686262;16.453387;0.000474;
14;164;10.20851;15.831959;0.000436;
16;164;9.440948;15.923974;0.000406;
18;164;8.937364;15.46396;0.000373;
20;164;8.40492;14.937009;0.000339;
22;164;7.886996;14.565432;0.00031;
24;164;7.398104;14.169817;0.000283;
26;164;6.940293;13.950117;0.000261;
28;164;6.512134;13.6429;0.00024;
30;164;6.111534;13.42711;0.000221;
32;164;5.735856;13.195903;0.000204;
34;164;5.382812;13.012776;0.000189;
36;164;5.049415;12.797357;0.000174;
38;164;4.733482;12.677232;0.000162;
40;164;4.432865;12.508404;0.00015;
42;164;4.145875;12.4058;0.000139;
44;164;3.871043;12.229794;0.000128;
46;164;3.607029;12.165888;0.000118;
48;164;3.35256;12.070361;0.000109;
50;164;3.10672;12.01215;0.000101;
52;164;2.868859;11.924776;0.000092;
54;164;2.638132;11.885629;0.000085;
56;164;2.414071;11.838414;0.000077;
58;164;2.196572;11.792116;0.00007;
60;164;1.985339;11.754646;0.000063;
62;164;1.78031;11.72737;0.000056;
64;164;1.581369;11.754605;0.00005;
66;164;1.388356;11.739449;0.000044;
68;164;1.20151;11.723125;0.000038;
70;164;1.021021;11.740965;0.000032;
0;166;16.899665;26.9169;0.001227;
2;166;15.357846;24.151387;0.001001;
4;166;14.16054;22.220246;0.000849;
6;166;13.198378;20.582135;0.000733;
8;166;12.402471;19.239806;0.000644;
10;166;11.724948;18.175962;0.000575;
12;166;11.133428;17.311453;0.00052;
14;166;10.60328;16.538512;0.000473;
16;166;10.114828;15.924166;0.000435;
18;166;9.351074;15.927807;0.000402;
20;166;8.83137;15.401191;0.000367;
22;166;8.286469;15.011817;0.000336;
24;166;7.761756;14.61535;0.000306;
26;166;7.268631;14.18189;0.000278;
28;166;6.808262;13.974629;0.000257;
30;166;6.378772;13.613361;0.000234;
32;166;5.977717;13.451113;0.000217;
34;166;5.602017;13.212898;0.0002;
36;166;5.249005;13.018634;0.000184;
38;166;4.915694;12.834879;0.00017;
40;166;4.59975;12.643979;0.000157;
42;166;4.299164;12.51592;0.000145;
44;166;4.012271;12.366795;0.000134;
46;166;3.737521;12.267128;0.000124;
48;166;3.473555;12.237132;0.000115;
50;166;3.219214;12.132529;0.000105;
52;166;2.973602;12.057141;0.000097;
54;166;2.735965;11.96251;0.000088;
56;166;2.505495;11.911578;0.000081;
58;166;2.281803;11.838001;0.000073;
60;166;2.064795;11.847401;0.000066;
62;166;1.854257;11.780963;0.000059;
64;166;1.650095;11.775726;0.000052;
66;166;1.452205;11.745363;0.000046;
68;166;1.260632;11.75955;0.00004;
70;166;1.075681;11.723458;0.000034;
0;168;18.972412;30.74342;0.001574;
2;168;16.887618;27.145943;0.001237;
4;168;15.332128;24.426649;0.00101;
6;168;14.12315;22.332677;0.000851;
8;168;13.150692;20.761171;0.000737;
10;168;12.343922;19.3819;0.000645;
12;168;11.657023;18.338978;0.000577;
14;168;11.05541;17.424361;0.00052;
16;168;10.514539;16.700952;0.000474;
18;168;10.014429;16.07506;0.000434;
20;168;9.260325;15.958149;0.000399;
22;168;8.723003;15.479021;0.000364;
24;168;8.167088;14.9994;0.00033;
26;168;7.636565;14.591682;0.000301;
28;168;7.139996;14.290252;0.000275;
30;168;6.677714;13.975304;0.000252;
32;168;6.247401;13.659297;0.00023;
34;168;5.846208;13.421803;0.000212;
36;168;5.470554;13.227075;0.000195;
38;168;5.117564;13.040056;0.00018;
40;168;4.784227;12.854707;0.000166;
42;168;4.46835;12.706163;0.000153;
44;168;4.167863;12.504039;0.000141;
46;168;3.881065;12.434012;0.00013;
48;168;3.606374;12.294489;0.00012;
50;168;3.342518;12.229537;0.00011;
52;168;3.088316;12.152198;0.000101;
54;168;2.843002;12.082487;0.000093;
56;168;2.605524;12.003879;0.000084;
58;168;2.375392;11.861232;0.000076;
60;168;2.152165;11.865193;0.000069;
62;168;1.935772;11.840463;0.000062;
64;168;1.726045;11.810392;0.000055;
66;168;1.522883;11.748829;0.000048;
68;168;1.326264;11.781553;0.000042;
70;168;1.136497;11.732204;0.000036;
0;170;21.942768;36.227674;0.002145;
2;170;18.972486;31.035911;0.001589;
4;170;16.870925;27.371406;0.001246;
6;170;15.301389;24.622851;0.001016;
8;170;14.080652;22.537489;0.000856;
10;170;13.097466;20.911072;0.000739;
12;170;12.280795;19.602864;0.000649;
14;170;11.583349;18.480632;0.000578;
16;170;10.972053;17.55313;0.00052;
18;170;10.419514;16.808413;0.000472;
20;170;9.907807;16.141228;0.000431;
22;170;9.167508;15.972309;0.000395;
24;170;8.612132;15.514797;0.00036;
26;170;8.04703;15.020773;0.000326;
28;170;7.511502;14.616209;0.000296;
30;170;7.012119;14.204033;0.000269;
32;170;6.548547;13.994894;0.000247;
34;170;6.117909;13.722812;0.000226;
36;170;5.716693;13.419971;0.000207;
38;170;5.341032;13.182154;0.00019;
40;170;4.988038;12.986287;0.000175;
42;170;4.654794;12.889194;0.000162;
44;170;4.338978;12.691427;0.000149;
46;170;4.038571;12.571744;0.000137;
48;170;3.75188;12.444932;0.000126;
50;170;3.477277;12.334312;0.000116;
52;170;3.213481;12.197879;0.000106;
54;170;2.959614;12.147414;0.000097;
56;170;2.714466;12.103942;0.000089;
58;170;2.477315;12.015184;0.00008;
60;170;2.247575;11.956675;0.000072;
62;170;2.024901;11.905531;0.000065;
64;170;1.80922;11.846002;0.000058;
66;170;1.600395;11.8294;0.000051;
68;170;1.398848;11.81032;0.000045;
70;170;1.20408;11.76499;0.000038;
0;172;26.498196;44.636299;0.003191;
2;172;21.959055;36.641291;0.002171;
4;172;18.966729;31.326243;0.001603;
6;172;16.848362;27.632586;0.001256;
8;172;15.266136;24.874997;0.001024;
10;172;14.033407;22.754979;0.000861;
12;172;13.039368;21.09415;0.000742;
14;172;12.212379;19.761659;0.000651;
16;172;11.50484;18.637622;0.000578;
18;172;10.882135;17.750634;0.000521;
20;172;10.319079;16.952363;0.000472;
22;172;9.79421;16.285742;0.00043;
24;172;9.072866;16.02582;0.000392;
26;172;8.49977;15.490374;0.000355;
28;172;7.926216;15.011221;0.000321;
30;172;7.386552;14.634337;0.000292;
32;172;6.885058;14.278934;0.000265;
34;172;6.420665;13.997273;0.000242;
36;172;5.989976;13.740788;0.000222;
38;172;5.588782;13.44752;0.000203;
40;172;5.213164;13.245622;0.000186;
42;172;4.860314;13.081599;0.000172;
44;172;4.527042;12.879575;0.000157;
46;172;4.21127;12.679988;0.000144;
48;172;3.910989;12.617975;0.000133;
50;172;3.624388;12.474218;0.000122;
52;172;3.349862;12.394666;0.000112;
54;172;3.086387;12.218915;0.000102;
56;172;2.83265;12.166444;0.000093;
58;172;2.587756;12.06886;0.000084;
60;172;2.350981;11.965747;0.000076;
62;172;2.121757;11.975439;0.000069;
64;172;1.8999;11.935928;0.000061;
66;172;1.685192;11.874243;0.000054;
68;172;1.477615;11.810592;0.000047;
70;172;1.277375;11.832192;0.000041;
0;174;34.251683;58.605097;0.005415;
2;174;26.53945;45.052645;0.003226;
4;174;21.970144;36.966752;0.002191;
6;174;18.95729;31.603612;0.001616;
8;174;16.822676;27.877349;0.001265;
10;174;15.226981;25.10711;0.001031;
12;174;13.981793;22.822904;0.000861;
14;174;12.976868;21.21974;0.000743;
16;174;12.139446;19.851947;0.00065;
18;174;11.421321;18.744244;0.000578;
20;174;10.787382;17.831914;0.000519;
22;174;10.212469;17.077222;0.00047;
24;174;9.673376;16.356916;0.000427;
26;174;8.975916;16.052693;0.000389;
28;174;8.38436;15.559119;0.000352;
30;174;7.804787;15.098183;0.000318;
32;174;7.261752;14.671481;0.000287;
34;174;6.758811;14.3166;0.000261;
36;174;6.294027;14.003302;0.000238;
38;174;5.863307;13.758612;0.000218;
40;174;5.462206;13.499371;0.000199;
42;174;5.08655;13.278538;0.000182;
44;174;4.733733;13.087831;0.000167;
46;174;4.400577;12.881073;0.000153;
48;174;4.084948;12.750716;0.000141;
50;174;3.784744;12.628579;0.000129;
52;174;3.498267;12.485823;0.000118;
54;174;3.223908;12.422462;0.000108;
56;174;2.960603;12.300275;0.000098;
58;174;2.707329;12.205815;0.000089;
60;174;2.462883;12.11506;0.00008;
62;174;2.226402;12.119843;0.000073;
64;174;1.997815;11.982758;0.000065;
66;174;1.776712;11.938034;0.000057;
68;174;1.563101;11.916365;0.00005;
70;174;1.357041;11.886374;0.000044;
0;176;50.062939;86.914702;0.011738;
2;176;34.335054;59.16595;0.00548;
4;176;26.576184;45.46025;0.003259;
6;176;21.977749;37.313354;0.002212;
8;176;18.943632;31.876847;0.001629;
10;176;16.793195;28.073812;0.001272;
12;176;15.18266;25.220372;0.001033;
14;176;13.926181;23.111489;0.000868;
16;176;12.90975;21.410761;0.000746;
18;176;12.06135;20.057369;0.000653;
20;176;11.332314;18.880336;0.000577;
22;176;10.687613;17.962834;0.000518;
24;176;10.099316;17.204849;0.000469;
26;176;9.545086;16.518298;0.000425;
28;176;8.87474;16.073804;0.000385;
30;176;8.267818;15.584398;0.000348;
32;176;7.682705;15.097833;0.000313;
34;176;7.137024;14.687706;0.000283;
36;176;6.633149;14.332903;0.000256;
38;176;6.168352;14.048015;0.000234;
40;176;5.737677;13.730154;0.000213;
42;176;5.336583;13.566543;0.000195;
44;176;4.960953;13.350535;0.000179;
46;176;4.608244;13.138469;0.000163;
48;176;4.275179;12.934831;0.000149;
50;176;3.959607;12.781667;0.000137;
52;176;3.659489;12.640577;0.000125;
54;176;3.373146;12.506232;0.000114;
56;176;3.099161;12.346236;0.000103;
58;176;2.836182;12.301098;0.000094;
60;176;2.583172;12.195272;0.000085;
62;176;2.338946;12.177588;0.000077;
64;176;2.103172;12.117439;0.000069;
66;176;1.875354;11.994462;0.000061;
68;176;1.655317;11.970793;0.000053;
70;176;1.442823;11.968645;0.000047;
0;178;98.285591;172.49009;0.045736;
2;178;50.230688;87.774451;0.011894;
4;178;34.41467;59.743732;0.005547;
6;178;26.608892;45.87786;0.003293;
8;178;21.981649;37.633121;0.002232;
10;178;18.92589;32.155001;0.001642;
12;178;16.758613;28.337919;0.001281;
14;178;15.134228;25.425992;0.001038;
16;178;13.866005;23.288959;0.000871;
18;178;12.838135;21.58322;0.000748;
20;178;11.978959;20.198258;0.000653;
22;178;11.238542;19.06436;0.000578;
24;178;10.581311;18.070967;0.000516;
26;178;9.979588;17.298504;0.000466;
28;178;9.408853;16.577876;0.000421;
30;178;8.769014;16.03069;0.000379;
32;178;8.149728;15.5349;0.000342;
34;178;7.560011;15.136679;0.000309;
36;178;7.012405;14.722137;0.000279;
38;178;6.508075;14.333261;0.000252;
40;178;6.04334;14.037607;0.000229;
42;178;5.612642;13.769828;0.000208;
44;178;5.211565;13.534314;0.00019;
46;178;4.836056;13.344809;0.000174;
48;178;4.483457;13.106786;0.000159;
50;178;4.150445;12.972;0.000145;
52;178;3.835018;12.813707;0.000133;
54;178;3.535068;12.656887;0.000121;
56;178;3.248954;12.568642;0.00011;
58;178;2.975227;12.45996;0.0001;
60;178;2.712599;12.363307;0.00009;
62;178;2.460031;12.241402;0.000081;
64;178;2.216324;12.198593;0.000073;
66;178;1.981267;12.115104;0.000065;
68;178;1.754178;12.074845;0.000057;
70;178;1.535492;11.999793;0.00005;
2;180;98.700281;174.132621;0.046366;
4;180;50.394547;88.581218;0.012043;
6;180;34.488373;60.269971;0.005608;
8;180;26.639021;46.247686;0.003324;
10;180;21.980998;37.928187;0.002249;
12;180;18.904345;32.388735;0.001652;
14;180;16.720162;28.499122;0.001286;
16;180;15.082295;25.664424;0.001044;
18;180;13.80154;23.456308;0.000873;
20;180;12.762303;21.729723;0.000748;
22;180;11.891539;20.301647;0.000651;
24;180;11.139972;19.158534;0.000576;
26;180;10.469092;18.221525;0.000515;
28;180;9.852743;17.374868;0.000462;
30;180;9.263637;16.726217;0.000418;
32;180;8.65857;16.119724;0.000377;
34;180;8.030158;15.602022;0.000338;
36;180;7.436677;15.14504;0.000304;
38;180;6.887779;14.72995;0.000274;
40;180;6.383306;14.425116;0.000248;
42;180;5.918585;14.03993;0.000224;
44;180;5.488011;13.843565;0.000205;
46;180;5.087087;13.590632;0.000187;
48;180;4.711583;13.305245;0.000169;
50;180;4.359144;13.146183;0.000155;
52;180;4.026156;12.989122;0.000141;
54;180;3.710879;12.821892;0.000128;
56;180;3.411152;12.66742;0.000117;
58;180;3.125315;12.586863;0.000106;
60;180;2.851921;12.463751;0.000096;
62;180;2.589752;12.380142;0.000086;
64;180;2.337277;12.284361;0.000077;
66;180;2.09461;12.221904;0.000069;
68;180;1.860662;12.157286;0.000061;
70;180;1.634756;12.092323;0.000053;
0;100;8.281349;9.622749;0.000215;
70;100;10.38178;17.227596;0.000483;
